torsion       0    2    2    2     -2.500 0.0 1   1.250 180.0 2   3.100 0.0 3
torsion       0    2    2    6     -2.500 0.0 1   1.250 180.0 2   3.100 0.0 3
torsion       1    2    2    2     -2.000 0.0 1   0.700 180.0 2   3.000 0.0 3
torsion       1    2    2    6     -2.000 0.0 1   0.700 180.0 2   3.000 0.0 3
torsion       2    2    2    2     -3.400 0.0 1   1.250 180.0 2   3.100 0.0 3
torsion       2    2    2    6     -3.400 0.0 1   1.250 180.0 2   3.100 0.0 3
torsion       2    2    2   10     -3.400 0.0 1   1.250 180.0 2   3.100 0.0 3
torsion       2    2    2   13     -3.400 0.0 1   1.250 180.0 2   3.100 0.0 3
torsion       2    2    2   65     -2.000 0.0 1   0.500 180.0 2   3.250 0.0 3
torsion       6    2    2    6     -3.400 0.0 1   1.250 180.0 2   3.100 0.0 3
torsion       6    2    2   65     -2.000 0.0 1   0.500 180.0 2   3.250 0.0 3
torsion      10    2    2   10     -3.400 0.0 1   1.250 180.0 2   3.100 0.0 3
torsion       2    2    5    7      0.300 0.0 1   0.000 180.0 2   1.300 0.0 3
torsion       6    2    5    7      0.300 0.0 1   0.000 180.0 2   1.300 0.0 3
torsion      10    2    5    7      0.300 0.0 1   0.000 180.0 2   1.300 0.0 3
torsion       0    2   10    2     -2.500 0.0 1   1.250 180.0 2   3.100 0.0 3
torsion       2    2   10    2     -3.400 0.0 1   1.250 180.0 2   3.100 0.0 3
torsion       2    2   13    2     -3.400 0.0 1   1.250 180.0 2   3.100 0.0 3
torsion       6    2   20    2     -7.400 0.0 1   3.000 180.0 2   1.800 0.0 3
torsion       6    2   20    6     -8.400 0.0 1   3.000 180.0 2   1.800 0.0 3
torsion       4    3    3    4      1.600 0.0 1   3.200 180.0 2   0.000 0.0 3
torsion       4    3    3   13      0.000 0.0 1   0.500 180.0 2   0.000 0.0 3
torsion       4    3    3   24      0.000 0.0 1   0.000 180.0 2   0.000 0.0 3
torsion       4    3    3   46      0.000 0.0 1   0.000 180.0 2   0.000 0.0 3
torsion      13    3    3   13      0.700 0.0 1  -1.500 180.0 2   0.000 0.0 3
torsion      13    3    3   24     -0.500 0.0 1   0.200 180.0 2   0.000 0.0 3
torsion      13    3    3   46      0.800 0.0 1  -0.760 180.0 2   0.000 0.0 3
torsion      24    3    3   46     -0.900 0.0 1   0.300 180.0 2   0.000 0.0 3
torsion      46    3    3   46      0.000 0.0 1   0.000 180.0 2   0.300 0.0 3
torsion       3    3    5    7      3.000 0.0 1   5.500 180.0 2   0.000 0.0 3
torsion       4    3    5    7      0.000 0.0 1   5.000 180.0 2   0.000 0.0 3
torsion      13    3    5    7      1.500 0.0 1   5.500 180.0 2   0.000 0.0 3
torsion      24    3    5    7     -2.000 0.0 1   5.000 180.0 2   0.000 0.0 3
torsion      46    3    5    7      1.500 0.0 1   5.500 180.0 2   0.000 0.0 3
torsion      48    3    5    7      4.000 0.0 1   5.000 180.0 2   0.000 0.0 3
torsion       1    3   13   13      0.000 0.0 1   0.000 180.0 2   0.000 0.0 3
torsion       1    3   13   46      0.000 0.0 1   0.000 180.0 2   0.360 0.0 3
torsion       3    3   13   46      0.000 0.0 1   0.000 180.0 2   0.085 0.0 3
torsion       4    3   13    0      0.000 0.0 1   0.000 180.0 2   0.000 0.0 3
torsion       4    3   13   13      0.000 0.0 1   0.000 180.0 2   0.000 0.0 3
torsion       4    3   13   21     -0.650 0.0 1   0.000 180.0 2   0.000 0.0 3
torsion       4    3   13   44      0.000 0.0 1   0.820 180.0 2   0.000 0.0 3
torsion       4    3   13   24      0.000 0.0 1   0.000 180.0 2   0.000 0.0 3
torsion       4    3   13   46      0.000 0.0 1   0.000 180.0 2   0.000 0.0 3
torsion       4    3   13   48      0.000 0.0 1   0.546 180.0 2   0.000 0.0 3
torsion       5    3   13   13      0.000 0.0 1   1.412 180.0 2   0.000 0.0 3
torsion       5    3   13   44      5.260 0.0 1   0.820 180.0 2   0.000 0.0 3
torsion       5    3   13   46      0.000 0.0 1   0.000 180.0 2   0.000 0.0 3
torsion      13    3   13   13      1.454 0.0 1  -0.144 180.0 2  -0.775 0.0 3
torsion      13    3   13   46      0.000 0.0 1   0.000 180.0 2   0.275 0.0 3
torsion      20    3   13   13      0.000 0.0 1   0.000 180.0 2  -0.553 0.0 3
torsion      20    3   13   46      0.000 0.0 1   0.000 180.0 2   0.132 0.0 3
torsion      21    3   13   13      0.000 0.0 1   0.000 180.0 2   0.000 0.0 3
torsion      21    3   13   46      0.000 0.0 1   0.000 180.0 2   0.360 0.0 3
torsion      24    3   13   13      1.173 0.0 1   0.189 180.0 2  -1.200 0.0 3
torsion      24    3   13   21      0.650 0.0 1   0.000 180.0 2   0.000 0.0 3
torsion      24    3   13   24      1.816 0.0 1   1.222 180.0 2   1.581 0.0 3
torsion      24    3   13   46      0.000 0.0 1   0.000 180.0 2   0.000 0.0 3
torsion      46    3   13   13      0.000 0.0 1   0.000 180.0 2   0.000 0.0 3
torsion      46    3   13   46      0.000 0.0 1   0.000 180.0 2   0.360 0.0 3
torsion      48    3   13   46      0.000 0.0 1   0.000 180.0 2   0.275 0.0 3
torsion      52    3   13   13      0.000 0.0 1   0.820 180.0 2   0.000 0.0 3
torsion      52    3   13   44      0.000 0.0 1   0.820 180.0 2   0.000 0.0 3
torsion      52    3   13   46      0.000 0.0 1   0.000 180.0 2   0.000 0.0 3
torsion      65    3   13   13      0.000 0.0 1   0.000 180.0 2   0.000 0.0 3
torsion      65    3   13   46      0.000 0.0 1   0.000 180.0 2   0.360 0.0 3
torsion     107    3   13   46      0.000 0.0 1   0.000 180.0 2   0.000 0.0 3
torsion       4    3   20   13      0.000 0.0 1   5.124 180.0 2   0.000 0.0 3
torsion       4    3   20   48      0.000 0.0 1   5.000 180.0 2   0.000 0.0 3
torsion      13    3   20   13      4.669 0.0 1   5.124 180.0 2   0.000 0.0 3
torsion      13    3   20   48      1.500 0.0 1   5.000 180.0 2   0.000 0.0 3
torsion      24    3   20   13     -2.000 0.0 1   5.000 180.0 2   0.000 0.0 3
torsion      46    3   20   13      4.669 0.0 1   5.124 180.0 2   0.000 0.0 3
torsion      48    3   20   13      4.000 0.0 1   5.000 180.0 2   0.000 0.0 3
torsion       3    3   24   13      0.400 0.0 1   4.900 180.0 2   0.000 0.0 3
torsion       3    3   24   45      0.000 0.0 1   4.900 180.0 2   0.000 0.0 3
torsion       4    3   24    5      0.000 0.0 1   6.603 180.0 2   0.000 0.0 3
torsion       4    3   24   13      0.000 0.0 1   6.089 180.0 2   0.000 0.0 3
torsion       4    3   24   45      0.000 0.0 1   4.900 180.0 2   0.000 0.0 3
torsion       4    3   24   47      0.000 0.0 1   6.089 180.0 2   0.000 0.0 3
torsion       4    3   24   48      0.000 0.0 1   6.089 180.0 2   0.000 0.0 3
torsion       4    3   24   91      0.000 0.0 1   6.089 180.0 2   0.000 0.0 3
torsion       5    3   24   13      2.300 0.0 1   6.089 180.0 2   0.000 0.0 3
torsion       5    3   24   45      0.000 0.0 1   4.900 180.0 2   0.000 0.0 3
torsion      13    3   24    5      4.542 0.0 1   6.603 180.0 2   1.045 0.0 3
torsion      13    3   24   13      2.300 0.0 1   6.089 180.0 2   0.000 0.0 3
torsion      13    3   24   45      0.000 0.0 1   4.900 180.0 2   0.000 0.0 3
torsion      13    3   24   48      2.300 0.0 1   6.089 180.0 2   0.000 0.0 3
torsion      20    3   24   13      2.300 0.0 1   6.089 180.0 2   0.000 0.0 3
torsion      20    3   24   45      0.000 0.0 1   4.900 180.0 2   0.000 0.0 3
torsion      24    3   24    3      2.300 0.0 1   6.089 180.0 2   0.000 0.0 3
torsion      24    3   24   13      4.600 0.0 1   0.000 180.0 2   0.000 0.0 3
torsion      24    3   24   45      0.000 0.0 1   4.900 180.0 2   0.000 0.0 3
torsion      46    3   24   13      2.300 0.0 1   6.089 180.0 2   0.000 0.0 3
torsion      46    3   24   45      0.000 0.0 1   4.900 180.0 2   0.000 0.0 3
torsion      47    3   24   45      0.000 0.0 1   4.900 180.0 2   0.000 0.0 3
torsion      48    3   24   45      0.000 0.0 1   4.900 180.0 2   0.000 0.0 3
torsion      48    3   24   48      2.300 0.0 1   6.089 180.0 2   0.000 0.0 3
torsion      48    3   24   84      2.300 0.0 1   6.089 180.0 2   0.000 0.0 3
torsion      48    3   24   87      2.300 0.0 1   6.089 180.0 2   0.000 0.0 3
torsion      84    3   24   48      2.300 0.0 1   6.089 180.0 2   0.000 0.0 3
torsion      84    3   24   84      2.300 0.0 1   6.089 180.0 2   0.000 0.0 3
torsion      84    3   24   87      2.300 0.0 1   6.089 180.0 2   0.000 0.0 3
torsion      87    3   24   45      0.000 0.0 1   4.900 180.0 2   0.000 0.0 3
torsion      87    3   24   48      2.300 0.0 1   6.089 180.0 2   0.000 0.0 3
torsion      87    3   24   84      2.300 0.0 1   6.089 180.0 2   0.000 0.0 3
torsion      87    3   24   87      2.300 0.0 1   6.089 180.0 2   0.000 0.0 3
torsion       0    3   47   13      0.900 0.0 1   0.230 180.0 2  -0.505 0.0 3
torsion       4    3   47   46      0.000 0.0 1   0.000 180.0 2   0.000 0.0 3
torsion       4    3   47   47      2.500 0.0 1   6.000 180.0 2   0.000 0.0 3
torsion       5    3   47   47      3.200 0.0 1  -3.000 180.0 2   0.000 0.0 3
torsion      24    3   47   46      0.000 0.0 1   0.000 180.0 2   0.000 0.0 3
torsion      24    3   47   47      2.000 0.0 1   0.000 180.0 2   0.000 0.0 3
torsion     107    3   47   46      0.000 0.0 1   0.000 180.0 2   0.000 0.0 3
torsion     107    3   47   47      2.000 0.0 1   0.000 180.0 2   0.000 0.0 3
torsion       4    3   48   48      0.000 0.0 1   2.100 180.0 2   0.000 0.0 3
torsion       5    3   48   48      0.000 0.0 1   2.100 180.0 2   0.000 0.0 3
torsion      13    3   48   48      0.000 0.0 1   0.200 180.0 2   0.000 0.0 3
torsion      20    3   48   48      0.000 0.0 1   2.100 180.0 2   0.000 0.0 3
torsion      24    3   48   48      0.000 0.0 1   1.100 180.0 2   0.000 0.0 3
torsion      46    3   48   48      0.000 0.0 1   0.200 180.0 2   0.000 0.0 3
torsion       0    3   50   13      0.900 0.0 1   0.230 180.0 2  -0.505 0.0 3
torsion       4    3   50   47      2.500 0.0 1   6.000 180.0 2   0.000 0.0 3
torsion       5    3   50   47      3.200 0.0 1  -3.000 180.0 2   0.000 0.0 3
torsion      13    3   50   47      0.800 0.0 1  -3.000 180.0 2   0.000 0.0 3
torsion      13    3   56    0      0.000 0.0 1  14.000 180.0 2   0.000 0.0 3
torsion      13    3   56   13      0.000 0.0 1  14.000 180.0 2   0.000 0.0 3
torsion      46    3   56    0      0.000 0.0 1  14.000 180.0 2   0.000 0.0 3
torsion      46    3   56   45      0.000 0.0 1  14.000 180.0 2   0.000 0.0 3
torsion       0    3   60    0      0.000 0.0 1   7.000 180.0 2   0.000 0.0 3
torsion       4    3   60    0      0.000 0.0 1   7.000 180.0 2   0.000 0.0 3
torsion       4    3   82    0      0.000 0.0 1   0.000 180.0 2   0.000 0.0 3
torsion       4    3   82   57      2.000 0.0 1   1.000 180.0 2   0.000 0.0 3
torsion       4    3   82   61      0.000 0.0 1   1.000 180.0 2   0.000 0.0 3
torsion      82    3   82   57     -2.000 0.0 1   1.000 180.0 2   0.000 0.0 3
torsion      82    3   82   61      0.000 0.0 1   1.000 180.0 2   0.000 0.0 3
torsion       4    3   84   20     -0.750 0.0 1   1.500 180.0 2   0.000 0.0 3
torsion       4    3   84   87      0.750 0.0 1   1.500 180.0 2   0.000 0.0 3
torsion      84    3   84   20      0.000 0.0 1   1.500 180.0 2   0.000 0.0 3
torsion      84    3   84   87      0.000 0.0 1   1.500 180.0 2   0.000 0.0 3
torsion      48    3   86   48      0.000 0.0 1   2.170 180.0 2   0.000 0.0 3
torsion       0    3   87    0      0.000 0.0 1   7.250 180.0 2   0.000 0.0 3
torsion       4    3   87   84      0.000 0.0 1   2.100 180.0 2   0.000 0.0 3
torsion       4    3   87   87      0.000 0.0 1   2.100 180.0 2   0.000 0.0 3
torsion      24    3   87   84      0.000 0.0 1   1.100 180.0 2   0.000 0.0 3
torsion      24    3   87   87      0.000 0.0 1   1.100 180.0 2   0.000 0.0 3
torsion       4    3  107   13      0.000 0.0 1   4.900 180.0 2   0.000 0.0 3
torsion      13    3  107   13      0.000 0.0 1   4.900 180.0 2   0.000 0.0 3
torsion       4    3  109  109      2.500 0.0 1   6.000 180.0 2   0.000 0.0 3
torsion       5    3  109  109      3.200 0.0 1  -3.000 180.0 2   0.000 0.0 3
torsion       0    4  106    0      0.000 0.0 1   0.000 180.0 2   0.000 0.0 3
torsion       7    5   10    2      0.300 0.0 1   0.000 180.0 2   0.500 0.0 3
torsion       7    5   10    6      0.300 0.0 1   0.000 180.0 2   0.500 0.0 3
torsion       7    5   13    2      0.000 0.0 1   0.000 180.0 2   0.200 0.0 3
torsion       7    5   13    6      0.000 0.0 1   0.000 180.0 2   0.200 0.0 3
torsion       7    5   13   13     -0.356 0.0 1  -0.174 180.0 2   0.492 0.0 3
torsion       7    5   13   46      0.000 0.0 1   0.000 180.0 2   0.352 0.0 3
torsion       7    5   13   47     -0.900 0.0 1   0.000 180.0 2   0.000 0.0 3
torsion       7    5   13   48     -0.900 0.0 1   0.000 180.0 2   0.000 0.0 3
torsion       7    5   13   50     -0.900 0.0 1   0.000 180.0 2   0.000 0.0 3
torsion       7    5   44   13      0.000 0.0 1   0.000 180.0 2   0.300 0.0 3
torsion       7    5   44   45      0.000 0.0 1   0.000 180.0 2   0.300 0.0 3
torsion       7    5   24    3      5.519 0.0 1  -6.700 180.0 2   0.581 0.0 3
torsion       7    5   24   45      2.722 0.0 1  -5.154 180.0 2   0.000 0.0 3
torsion       7    5   47   47      0.000 0.0 1   1.682 180.0 2   0.000 0.0 3
torsion       7    5   48   48      0.000 0.0 1   1.682 180.0 2   0.000 0.0 3
torsion       7    5   51   20     -1.257 0.0 1  -1.806 180.0 2   0.003 0.0 3
torsion       7    5   56    3      3.000 0.0 1   3.000 180.0 2   0.000 0.0 3
torsion       7    5   64    4      0.000 0.0 1   0.000 180.0 2   0.000 0.0 3
torsion       7    5   64    5      0.000 0.0 1   0.000 180.0 2   0.000 0.0 3
torsion       7    5   79   13     -0.750 0.0 1   0.000 180.0 2   0.000 0.0 3
torsion       7    5   79   23      0.750 0.0 1   0.000 180.0 2   0.000 0.0 3
torsion       7    5   79   48      2.000 0.0 1   0.000 180.0 2   0.000 0.0 3
torsion       0   13   13    3     -4.344 0.0 1  -1.714 180.0 2   0.000 0.0 3
torsion       0   13   13   13      1.711 0.0 1  -0.500 180.0 2   0.663 0.0 3
torsion       0   13   13   24      1.428 0.0 1   0.086 180.0 2   0.029 0.0 3
torsion       1   13   13    1     -2.500 0.0 1   0.000 180.0 2   0.250 0.0 3
torsion       1   13   13    5      0.000 0.0 1   0.000 180.0 2   0.540 0.0 3
torsion       1   13   13   13      0.300 0.0 1  -0.400 180.0 2   0.400 0.0 3
torsion       1   13   13   46      0.000 0.0 1   0.000 180.0 2   0.400 0.0 3
torsion       3   13   13    3     -0.550 0.0 1   0.000 180.0 2   1.000 0.0 3
torsion       3   13   13    5     -6.180 0.0 1   0.000 180.0 2   0.000 0.0 3
torsion       3   13   13   13     -2.060 0.0 1  -0.313 180.0 2   0.315 0.0 3
torsion       3   13   13   15     -4.344 0.0 1  -1.714 180.0 2   0.000 0.0 3
torsion       3   13   13   16     -4.344 0.0 1  -1.714 180.0 2   0.000 0.0 3
torsion       3   13   13   24     -9.000 0.0 1   2.000 180.0 2   0.800 0.0 3
torsion       3   13   13   46      0.000 0.0 1   0.000 180.0 2  -0.100 0.0 3
torsion       3   13   13   48     -1.697 0.0 1  -0.456 180.0 2   0.585 0.0 3
torsion       3   13   13   80     -1.697 0.0 1  -0.456 180.0 2   0.585 0.0 3
torsion       5   13   13    5      9.508 0.0 1   0.000 180.0 2   0.000 0.0 3
torsion       5   13   13   13     -1.552 0.0 1   0.000 180.0 2   0.000 0.0 3
torsion       5   13   13   20      4.319 0.0 1   0.000 180.0 2   0.000 0.0 3
torsion       5   13   13   44      8.000 0.0 1   0.000 180.0 2   0.000 0.0 3
torsion       5   13   13   24      6.280 0.0 1  -1.467 180.0 2   2.030 0.0 3
torsion       5   13   13   46      0.000 0.0 1   0.000 180.0 2   0.468 0.0 3
torsion      13   13   13   13      1.300 0.0 1  -0.050 180.0 2   0.200 0.0 3
torsion      13   13   13   15      1.262 0.0 1  -0.198 180.0 2   0.465 0.0 3
torsion      13   13   13   16      2.619 0.0 1  -0.620 180.0 2   0.258 0.0 3
torsion      13   13   13   19      0.000 0.0 1  -0.650 180.0 2   0.000 0.0 3
torsion      13   13   13   21      0.000 0.0 1   0.000 180.0 2   0.400 0.0 3
torsion      13   13   13   44      2.392 0.0 1  -0.674 180.0 2   0.550 0.0 3
torsion      13   13   13   24      0.845 0.0 1  -0.962 180.0 2   0.713 0.0 3
torsion      13   13   13   46      0.000 0.0 1   0.000 180.0 2   0.300 0.0 3
torsion      13   13   13   51      1.300 0.0 1  -0.050 180.0 2   0.200 0.0 3
torsion      13   13   13   53      2.732 0.0 1  -0.229 180.0 2   0.485 0.0 3
torsion      13   13   13   65      0.000 0.0 1   0.000 180.0 2   0.400 0.0 3
torsion      13   13   13   66      0.000 0.0 1   0.000 180.0 2   0.400 0.0 3
torsion      13   13   13   79      1.262 0.0 1  -0.198 180.0 2   0.465 0.0 3
torsion      13   13   13  107      1.964 0.0 1   0.000 180.0 2   0.659 0.0 3
torsion      13   13   13  108      0.000 0.0 1   0.000 180.0 2   0.000 0.0 3
torsion      15   13   13   46      0.000 0.0 1   0.000 180.0 2   0.452 0.0 3
torsion      16   13   13   46      0.000 0.0 1   0.000 180.0 2   0.452 0.0 3
torsion      19   13   13   46      0.000 0.0 1   0.000 180.0 2   0.366 0.0 3
torsion      20   13   13   20     -0.550 0.0 1   0.000 180.0 2   0.000 0.0 3
torsion      20   13   13   46      0.000 0.0 1   0.000 180.0 2   0.468 0.0 3
torsion      21   13   13   21     -0.250 0.0 1   0.000 180.0 2   0.000 0.0 3
torsion      21   13   13   44      2.000 0.0 1   0.000 180.0 2   0.000 0.0 3
torsion      21   13   13   46      0.000 0.0 1   0.000 180.0 2   0.400 0.0 3
torsion      44   13   13   44     11.035 0.0 1  -0.968 180.0 2   0.270 0.0 3
torsion      44   13   13   46     -1.013 0.0 1  -0.709 180.0 2   0.473 0.0 3
torsion      44   13   13   48     -0.800 0.0 1   0.000 180.0 2   0.000 0.0 3
torsion      24   13   13   46      0.000 0.0 1   0.000 180.0 2   0.464 0.0 3
torsion      24   13   13   48      0.845 0.0 1  -0.962 180.0 2   0.713 0.0 3
torsion      24   13   13   80      0.845 0.0 1  -0.962 180.0 2   0.713 0.0 3
torsion      46   13   13   46      0.000 0.0 1   0.000 180.0 2   0.300 0.0 3
torsion      46   13   13   47      0.000 0.0 1   0.000 180.0 2   0.366 0.0 3
torsion      46   13   13   48      0.000 0.0 1   0.000 180.0 2   0.462 0.0 3
torsion      46   13   13   51      0.000 0.0 1   0.000 180.0 2   0.300 0.0 3
torsion      46   13   13   53      0.000 0.0 1   0.000 180.0 2   0.384 0.0 3
torsion      46   13   13   55      0.000 0.0 1   0.000 180.0 2  -0.582 0.0 3
torsion      46   13   13   59      0.000 0.0 1   0.000 180.0 2   0.462 0.0 3
torsion      46   13   13   62      0.000 0.0 1   0.000 180.0 2   0.462 0.0 3
torsion      46   13   13   65      0.000 0.0 1   0.000 180.0 2   0.400 0.0 3
torsion      46   13   13   66      0.000 0.0 1   0.000 180.0 2   0.400 0.0 3
torsion      46   13   13   79      0.000 0.0 1   0.000 180.0 2   0.452 0.0 3
torsion      46   13   13   80      0.000 0.0 1   0.000 180.0 2   0.462 0.0 3
torsion      46   13   13   82      0.000 0.0 1   0.000 180.0 2   0.462 0.0 3
torsion      46   13   13   83      0.000 0.0 1   0.000 180.0 2   0.462 0.0 3
torsion      46   13   13   84      0.000 0.0 1   0.000 180.0 2   0.462 0.0 3
torsion      46   13   13   87      0.000 0.0 1   0.000 180.0 2   0.462 0.0 3
torsion      46   13   13   88      0.000 0.0 1   0.000 180.0 2   0.462 0.0 3
torsion      46   13   13  102      0.000 0.0 1   0.000 180.0 2  -0.225 0.0 3
torsion      46   13   13  104      0.000 0.0 1   0.000 180.0 2   0.300 0.0 3
torsion      46   13   13  107      0.000 0.0 1   0.000 180.0 2   0.464 0.0 3
torsion      46   13   13  108      0.000 0.0 1   0.000 180.0 2   0.450 0.0 3
torsion      46   13   13  109      0.000 0.0 1   0.000 180.0 2   0.366 0.0 3
torsion      48   13   13   53      1.000 0.0 1   0.000 180.0 2   0.000 0.0 3
torsion     108   13   13  108      5.200 0.0 1  -0.500 180.0 2   0.000 0.0 3
torsion      13   13   15   17     -0.759 0.0 1  -0.282 180.0 2   0.680 0.0 3
torsion      46   13   15   17      0.000 0.0 1   0.000 180.0 2   0.480 0.0 3
torsion      13   13   16   13      0.925 0.0 1  -0.576 180.0 2   0.677 0.0 3
torsion      13   13   16   16      1.941 0.0 1  -0.836 180.0 2   0.935 0.0 3
torsion      46   13   16   13      0.000 0.0 1   0.000 180.0 2   0.647 0.0 3
torsion      46   13   16   16      0.000 0.0 1   0.000 180.0 2   0.558 0.0 3
torsion      46   13   16   48      0.000 0.0 1   0.000 180.0 2   0.647 0.0 3
torsion       0   13   18   19      0.000 0.0 1   0.000 180.0 2   0.000 0.0 3
torsion      46   13   18   19      0.000 0.0 1   0.000 180.0 2   0.000 0.0 3
torsion       0   13   19   18      0.000 0.0 1   0.000 180.0 2   0.000 0.0 3
torsion       0   13   19   19      0.000 0.0 1   0.000 180.0 2   0.000 0.0 3
torsion      13   13   19   19      0.000 0.0 1   0.000 180.0 2   0.000 0.0 3
torsion      46   13   19   19      0.000 0.0 1   0.000 180.0 2   0.000 0.0 3
torsion       0   13   20   13     -0.521 0.0 1  -2.018 180.0 2   1.996 0.0 3
torsion      56   13   20   13     -0.500 0.0 1  -1.500 180.0 2   1.000 0.0 3
torsion      57   13   20   13     -0.500 0.0 1  -1.500 180.0 2   1.000 0.0 3
torsion      13   13   20    3     -1.220 0.0 1  -0.126 180.0 2   0.422 0.0 3
torsion      13   13   20   13      0.650 0.0 1  -0.250 180.0 2   0.670 0.0 3
torsion      13   13   20   64     -1.420 0.0 1  -0.620 180.0 2   0.100 0.0 3
torsion      46   13   20    0      0.000 0.0 1   0.000 180.0 2   0.760 0.0 3
torsion      46   13   20    3      0.000 0.0 1   0.000 180.0 2   0.198 0.0 3
torsion      46   13   20   47      0.000 0.0 1   0.000 180.0 2   0.760 0.0 3
torsion      46   13   20   48      0.000 0.0 1   0.000 180.0 2   0.760 0.0 3
torsion      46   13   20   51      0.000 0.0 1   0.000 180.0 2   0.760 0.0 3
torsion      46   13   20   64      0.000 0.0 1   0.000 180.0 2   0.300 0.0 3
torsion       0   13   24   45      0.000 0.0 1   0.000 180.0 2   0.000 0.0 3
torsion       3   13   24    3     -2.365 0.0 1   0.912 180.0 2  -0.850 0.0 3
torsion       3   13   24   13     -1.737 0.0 1   1.251 180.0 2  -3.501 0.0 3
torsion       3   13   24   45      0.000 0.0 1   0.000 180.0 2   0.000 0.0 3
torsion      13   13   24    3      0.000 0.0 1   0.462 180.0 2   0.000 0.0 3
torsion      13   13   24   13      4.753 0.0 1  -0.734 180.0 2   0.000 0.0 3
torsion      13   13   24   45      0.000 0.0 1   0.000 180.0 2   0.000 0.0 3
torsion      13   13   24   59      0.000 0.0 1   0.000 180.0 2   0.000 0.0 3
torsion      13   13   24   79      2.929 0.0 1  -2.533 180.0 2   0.497 0.0 3
torsion      13   13   24   91      2.300 0.0 1   6.089 180.0 2   0.000 0.0 3
torsion      46   13   24    3      0.000 0.0 1   0.000 180.0 2   0.000 0.0 3
torsion      46   13   24   13      0.000 0.0 1   0.000 180.0 2   0.000 0.0 3
torsion      46   13   24   45      0.000 0.0 1   0.000 180.0 2   0.000 0.0 3
torsion      46   13   24   48      0.000 0.0 1   0.000 180.0 2   0.000 0.0 3
torsion      46   13   24   79      1.362 0.0 1  -1.457 180.0 2   0.149 0.0 3
torsion      48   13   24   59      0.000 0.0 1   0.000 180.0 2   0.000 0.0 3
torsion      13   13   44   13      0.416 0.0 1  -0.128 180.0 2   0.695 0.0 3
torsion      13   13   44   45     -0.190 0.0 1  -0.417 180.0 2   0.418 0.0 3
torsion      46   13   44   13      0.000 0.0 1   0.000 180.0 2   0.560 0.0 3
torsion      46   13   44   45      0.000 0.0 1   0.000 180.0 2   0.400 0.0 3
torsion      46   13   44   48      0.000 0.0 1   0.000 180.0 2   0.560 0.0 3
torsion       0   13   47   13      1.711 0.0 1  -0.500 180.0 2   0.663 0.0 3
torsion       0   13   47   46      0.000 0.0 1   0.000 180.0 2   0.468 0.0 3
torsion       0   13   47   47      0.500 0.0 1   0.000 180.0 2   0.000 0.0 3
torsion       0   13   47   50      0.500 0.0 1   0.000 180.0 2   0.000 0.0 3
torsion       1   13   47   47      0.500 0.0 1   0.000 180.0 2   0.000 0.0 3
torsion      13   13   47   13      2.817 0.0 1  -0.169 180.0 2   0.543 0.0 3
torsion      13   13   47   47      0.346 0.0 1   0.405 180.0 2  -0.904 0.0 3
torsion      13   13   47   50      0.346 0.0 1   0.405 180.0 2  -0.904 0.0 3
torsion      46   13   47   13      0.000 0.0 1   0.000 180.0 2   0.300 0.0 3
torsion      46   13   47   46      0.000 0.0 1   0.000 180.0 2   0.318 0.0 3
torsion      46   13   47   47      0.000 0.0 1   0.000 180.0 2  -0.372 0.0 3
torsion      46   13   47   50      0.000 0.0 1   0.000 180.0 2  -0.372 0.0 3
torsion      46   13   47  110      0.000 0.0 1   0.000 180.0 2  -0.250 0.0 3
torsion      47   13   47   13      0.000 0.0 1  -8.000 180.0 2   0.000 0.0 3
torsion      47   13   47   46      0.000 0.0 1  -8.000 180.0 2   0.000 0.0 3
torsion       0   13   48   48      0.000 0.0 1   0.000 180.0 2   0.000 0.0 3
torsion       1   13   48   48      0.000 0.0 1   0.450 180.0 2   0.000 0.0 3
torsion      13   13   48   48      0.000 0.0 1   0.000 180.0 2   0.000 0.0 3
torsion      13   13   48   56     -0.500 0.0 1   0.500 180.0 2  -0.500 0.0 3
torsion      21   13   48   48      0.000 0.0 1  -0.400 180.0 2   0.000 0.0 3
torsion      46   13   48   48      0.000 0.0 1   0.000 180.0 2   0.000 0.0 3
torsion      64   13   48   48      0.000 0.0 1   0.000 180.0 2   0.000 0.0 3
torsion      65   13   48   48      0.000 0.0 1   0.000 180.0 2   0.400 0.0 3
torsion       0   13   50   47      0.500 0.0 1   0.000 180.0 2   0.000 0.0 3
torsion      13   13   50   50      0.346 0.0 1   0.405 180.0 2  -0.904 0.0 3
torsion      46   13   50   47      0.000 0.0 1   0.000 180.0 2  -0.372 0.0 3
torsion      46   13   50   50      0.000 0.0 1   0.000 180.0 2  -0.372 0.0 3
torsion      46   13   50  109      0.000 0.0 1   0.000 180.0 2  -0.372 0.0 3
torsion      13   13   51    0      1.711 0.0 1  -0.500 180.0 2   0.663 0.0 3
torsion      13   13   51   46      0.000 0.0 1   0.000 180.0 2   0.300 0.0 3
torsion      46   13   51   20      0.000 0.0 1   0.000 180.0 2   0.468 0.0 3
torsion      13   13   53   13      1.438 0.0 1  -0.124 180.0 2   0.264 0.0 3
torsion      13   13   53   45      0.000 0.0 1   0.000 180.0 2   0.347 0.0 3
torsion      46   13   53   13      0.000 0.0 1   0.000 180.0 2   0.302 0.0 3
torsion      46   13   53   45      0.000 0.0 1   0.000 180.0 2   0.261 0.0 3
torsion      46   13   53   48      0.000 0.0 1   0.000 180.0 2   0.462 0.0 3
torsion      46   13   53   54      0.000 0.0 1   0.000 180.0 2   0.300 0.0 3
torsion      13   13   55   45     -0.190 0.0 1  -0.417 180.0 2   0.418 0.0 3
torsion      13   13   55   48      1.829 0.0 1   0.243 180.0 2  -0.498 0.0 3
torsion      13   13   55   54     -0.190 0.0 1  -0.417 180.0 2   0.418 0.0 3
torsion      46   13   55   13      0.000 0.0 1   0.000 180.0 2   0.000 0.0 3
torsion      46   13   55   45      0.000 0.0 1   0.000 180.0 2   0.000 0.0 3
torsion      46   13   55   48      0.000 0.0 1   0.000 180.0 2   0.177 0.0 3
torsion      13   13   56   18      0.000 0.0 1   0.000 180.0 2   0.000 0.0 3
torsion       0   13   57    0      0.000 0.0 1   0.000 180.0 2   0.000 0.0 3
torsion      13   13   57    0      1.000 0.0 1  -0.350 180.0 2   0.000 0.0 3
torsion      13   13   57   62      2.756 0.0 1  -0.872 180.0 2  -3.680 0.0 3
torsion      13   13   57   82     -1.000 0.0 1  -0.350 180.0 2   0.000 0.0 3
torsion      20   13   57    0      1.500 0.0 1  -1.500 180.0 2   0.000 0.0 3
torsion      20   13   57   62     -1.500 0.0 1  -1.500 180.0 2   0.000 0.0 3
torsion      20   13   57   82     -1.500 0.0 1  -1.500 180.0 2   0.000 0.0 3
torsion      13   13   59    0      0.000 0.0 1   0.000 180.0 2   0.000 0.0 3
torsion      13   13   59   56      0.000 0.0 1   0.500 180.0 2  -0.500 0.0 3
torsion      46   13   59    0      0.000 0.0 1   0.000 180.0 2   0.000 0.0 3
torsion      13   13   62    0      0.000 0.0 1   0.000 180.0 2   0.000 0.0 3
torsion      46   13   62    0      0.000 0.0 1   0.000 180.0 2   0.000 0.0 3
torsion      46   13   64   20      0.000 0.0 1   0.000 180.0 2   0.250 0.0 3
torsion      46   13   64   52      0.000 0.0 1   0.000 180.0 2   0.250 0.0 3
torsion      48   13   64   20      2.250 0.0 1   0.000 180.0 2   0.000 0.0 3
torsion      48   13   64   52      0.000 0.0 1   0.000 180.0 2   0.000 0.0 3
torsion       0   13   79   23      0.000 0.0 1   0.000 180.0 2   0.000 0.0 3
torsion       0   13   79   24      0.000 0.0 1   0.000 180.0 2   0.000 0.0 3
torsion      13   13   79   13      0.000 0.0 1   0.000 180.0 2   0.000 0.0 3
torsion      13   13   79   23      0.000 0.0 1   0.000 180.0 2   0.000 0.0 3
torsion      46   13   79    5      0.000 0.0 1   0.000 180.0 2   0.350 0.0 3
torsion      46   13   79   13      0.000 0.0 1   0.000 180.0 2   0.350 0.0 3
torsion      46   13   79   23      0.000 0.0 1   0.000 180.0 2   0.350 0.0 3
torsion      46   13   79   48      0.000 0.0 1   0.000 180.0 2   0.350 0.0 3
torsion      13   13   80    0      0.000 0.0 1   0.000 180.0 2   0.000 0.0 3
torsion      13   13   80   60      0.000 0.0 1   0.000 180.0 2   0.000 0.0 3
torsion      13   13   80   84     -0.714 0.0 1   0.000 180.0 2   0.000 0.0 3
torsion      46   13   80    0      0.000 0.0 1   0.000 180.0 2   0.000 0.0 3
torsion      46   13   80   60      0.000 0.0 1   0.000 180.0 2   0.000 0.0 3
torsion      46   13   80   84      0.000 0.0 1   0.000 180.0 2  -0.480 0.0 3
torsion      13   13   82    0      0.000 0.0 1   0.000 180.0 2   0.000 0.0 3
torsion      46   13   82    0      0.000 0.0 1   0.000 180.0 2   0.000 0.0 3
torsion      13   13   83    0      0.000 0.0 1   0.000 180.0 2   0.000 0.0 3
torsion      46   13   83    0      0.000 0.0 1   0.000 180.0 2   0.000 0.0 3
torsion       1   13   84    0      0.000 0.0 1   0.450 180.0 2   0.000 0.0 3
torsion      13   13   84    0      0.000 0.0 1   0.000 180.0 2   0.000 0.0 3
torsion      13   13   84   57      1.700 0.0 1  -0.600 180.0 2   0.000 0.0 3
torsion      21   13   84    0      0.000 0.0 1  -0.400 180.0 2   0.000 0.0 3
torsion      46   13   84    0      0.000 0.0 1   0.000 180.0 2   0.000 0.0 3
torsion       1   13   87    0      0.000 0.0 1   0.450 180.0 2   0.000 0.0 3
torsion      13   13   87    0      0.000 0.0 1   0.000 180.0 2   0.000 0.0 3
torsion      21   13   87    0      0.000 0.0 1  -0.400 180.0 2   0.000 0.0 3
torsion      46   13   87    0      0.000 0.0 1   0.000 180.0 2   0.000 0.0 3
torsion      13   13   88    0      0.000 0.0 1   0.000 180.0 2   0.000 0.0 3
torsion      46   13   88    0      0.000 0.0 1   0.000 180.0 2   0.000 0.0 3
torsion       0   13   90    0      0.000 0.0 1   0.000 180.0 2   0.000 0.0 3
torsion      46   13   90    0      0.000 0.0 1   0.000 180.0 2   0.000 0.0 3
torsion      46   13   91   91      0.000 0.0 1   0.000 180.0 2   0.300 0.0 3
torsion      13   13   95   13      0.000 0.0 1  -1.000 180.0 2   0.000 0.0 3
torsion      13   13   95   46      0.000 0.0 1  -1.000 180.0 2   0.000 0.0 3
torsion      13   13  102  103      0.000 0.0 1   0.400 180.0 2   0.000 0.0 3
torsion      46   13  102  103      0.000 0.0 1   0.000 180.0 2   0.000 0.0 3
torsion      13   13  104   13      1.000 0.0 1  -0.500 180.0 2   0.500 0.0 3
torsion      46   13  104   13      0.000 0.0 1   0.000 180.0 2   0.300 0.0 3
torsion       0   13  105    0      0.000 0.0 1   0.000 180.0 2   0.000 0.0 3
torsion      13   13  105    0      1.000 0.0 1  -0.350 180.0 2   0.000 0.0 3
torsion      13   13  105   62     -1.000 0.0 1  -0.350 180.0 2   0.000 0.0 3
torsion      13   13  105   82     -1.000 0.0 1  -0.350 180.0 2   0.000 0.0 3
torsion      20   13  105    0      1.500 0.0 1  -1.500 180.0 2   0.000 0.0 3
torsion      20   13  105   62      3.132 0.0 1  -1.491 180.0 2   2.744 0.0 3
torsion      20   13  105   82     -1.500 0.0 1  -1.500 180.0 2   0.000 0.0 3
torsion       3   13  107   13     -1.737 0.0 1   1.251 180.0 2  -3.501 0.0 3
torsion      13   13  107    3     -1.396 0.0 1  -0.427 180.0 2   0.000 0.0 3
torsion      13   13  107   13      4.753 0.0 1  -0.734 180.0 2   0.000 0.0 3
torsion      46   13  107    3      0.000 0.0 1   0.000 180.0 2  -0.139 0.0 3
torsion      46   13  107   13      0.000 0.0 1   0.000 180.0 2   0.000 0.0 3
torsion      46   13  107   48      0.000 0.0 1   0.000 180.0 2   0.000 0.0 3
torsion      13   13  108   13      1.000 0.0 1   0.000 180.0 2   0.000 0.0 3
torsion      13   13  108   45      0.000 0.0 1   0.000 180.0 2   0.260 0.0 3
torsion      46   13  108   13      0.000 0.0 1   0.000 180.0 2   0.180 0.0 3
torsion      46   13  108   20      0.000 0.0 1   0.000 180.0 2   0.000 0.0 3
torsion      46   13  108   45      0.000 0.0 1   0.000 180.0 2   0.180 0.0 3
torsion      13   13  109  109      0.346 0.0 1   0.405 180.0 2  -0.904 0.0 3
torsion      46   13  109   13      0.000 0.0 1   0.000 180.0 2   0.300 0.0 3
torsion      46   13  109   46      0.000 0.0 1   0.000 180.0 2   0.318 0.0 3
torsion      46   13  109  109      0.000 0.0 1   0.000 180.0 2  -0.372 0.0 3
torsion      17   15   48    0      0.000 0.0 1   1.100 180.0 2   0.000 0.0 3
torsion      17   15   48   48      0.000 0.0 1   1.100 180.0 2   0.000 0.0 3
torsion      13   16   16   13      0.000 0.0 1  -7.414 180.0 2   1.705 0.0 3
torsion      13   16   48   48      0.000 0.0 1   0.600 180.0 2   0.000 0.0 3
torsion      13   16   48   56      1.600 0.0 1   5.100 180.0 2   0.000 0.0 3
torsion      13   16   59   56      0.000 0.0 1   4.800 180.0 2   0.000 0.0 3
torsion      84   16   82    0      0.000 0.0 1   7.250 180.0 2   0.000 0.0 3
torsion      84   16   82   61      0.000 0.0 1   7.250 180.0 2   0.000 0.0 3
torsion      82   16   84   49      0.000 0.0 1   7.250 180.0 2   0.000 0.0 3
torsion      82   16   84   83      0.000 0.0 1   7.250 180.0 2   0.000 0.0 3
torsion      82   16   84   88      0.000 0.0 1   7.250 180.0 2   0.000 0.0 3
torsion       0   16   91    0      0.000 0.0 1   0.000 180.0 2   0.000 0.0 3
torsion      19   18   48    0      0.000 0.0 1   0.000 180.0 2   0.000 0.0 3
torsion      19   18   48   48      0.000 0.0 1   0.000 180.0 2   0.000 0.0 3
torsion      18   18   56   13      0.000 0.0 1   0.000 180.0 2   0.000 0.0 3
torsion      18   18   56   46      0.000 0.0 1   0.000 180.0 2   0.000 0.0 3
torsion       0   19   19    0      0.000 0.0 1   0.000 180.0 2   0.000 0.0 3
torsion      13   19   19   13      0.000 0.0 1   0.000 180.0 2   0.000 0.0 3
torsion      13   19   19   46      0.000 0.0 1   0.000 180.0 2   0.000 0.0 3
torsion      13   19   19   47      0.000 0.0 1   0.000 180.0 2   0.000 0.0 3
torsion      13   19   19  109      0.000 0.0 1   0.000 180.0 2   0.000 0.0 3
torsion      46   19   19   47      0.000 0.0 1   0.000 180.0 2   0.000 0.0 3
torsion      46   19   19  109      0.000 0.0 1   0.000 180.0 2   0.000 0.0 3
torsion      19   19   47   13      0.000 0.0 1   0.000 180.0 2   0.000 0.0 3
torsion      19   19   47   46      0.000 0.0 1   0.000 180.0 2   0.000 0.0 3
torsion      19   19   47   47      0.000 0.0 1   0.000 180.0 2   0.000 0.0 3
torsion      13   20   44   13      0.000 0.0 1   0.000 180.0 2   0.300 0.0 3
torsion      13   20   44   45      0.000 0.0 1   0.000 180.0 2   0.300 0.0 3
torsion      13   20   47   13      0.650 0.0 1  -0.250 180.0 2   0.670 0.0 3
torsion      13   20   47   46      0.000 0.0 1   0.000 180.0 2   0.760 0.0 3
torsion      13   20   47   47     -3.500 0.0 1   3.000 180.0 2   0.000 0.0 3
torsion      13   20   47   50     -3.500 0.0 1   3.000 180.0 2   0.000 0.0 3
torsion       3   20   48   48      0.000 0.0 1   2.500 180.0 2   0.000 0.0 3
torsion      13   20   48   48      0.000 0.0 1   3.000 180.0 2   0.000 0.0 3
torsion      13   20   48   56      0.400 0.0 1   5.500 180.0 2   0.000 0.0 3
torsion      64   20   48   48      0.000 0.0 1   2.990 180.0 2   0.000 0.0 3
torsion      13   20   51    5     -0.375 0.0 1  -1.358 180.0 2   0.004 0.0 3
torsion      13   20   51   13      0.650 0.0 1  -0.250 180.0 2   0.670 0.0 3
torsion      13   20   51   20     -0.375 0.0 1  -1.358 180.0 2   0.004 0.0 3
torsion      13   20   51   46      0.000 0.0 1   0.000 180.0 2   0.760 0.0 3
torsion      13   20   56    3      3.000 0.0 1   3.000 180.0 2   0.000 0.0 3
torsion      13   20   59   56      0.000 0.0 1   5.200 180.0 2   0.000 0.0 3
torsion       0   20   64   52      0.000 0.0 1   0.000 180.0 2   0.562 0.0 3
torsion      13   20   64   13      3.500 0.0 1  -3.300 180.0 2   1.500 0.0 3
torsion      13   20   64   52      0.000 0.0 1   0.000 180.0 2   0.000 0.0 3
torsion      48   20   64    4      0.000 0.0 1   0.000 180.0 2   0.000 0.0 3
torsion      84   20   82   61      0.000 0.0 1   7.250 180.0 2   0.000 0.0 3
torsion      82   20   84   88      0.000 0.0 1   7.250 180.0 2   0.000 0.0 3
torsion      84   20   84   49      0.000 0.0 1   7.250 180.0 2   0.000 0.0 3
torsion      84   20   84   87      0.000 0.0 1   7.250 180.0 2   0.000 0.0 3
torsion     108   20  108   13      0.000 0.0 1   0.000 180.0 2   0.000 0.0 3
torsion     108   20  108   20      0.000 0.0 1   0.000 180.0 2   0.000 0.0 3
torsion       0   24   48   48      0.000 0.0 1   2.100 180.0 2   0.000 0.0 3
torsion       3   24   48   48      0.000 0.0 1   2.100 180.0 2   0.000 0.0 3
torsion      13   24   48   48      0.000 0.0 1   2.100 180.0 2   0.000 0.0 3
torsion      45   24   48   48      0.000 0.0 1   2.100 180.0 2   0.000 0.0 3
torsion      59   24   48   48      0.000 0.0 1   2.100 180.0 2   0.000 0.0 3
torsion      82   24   48   48      0.000 0.0 1   2.100 180.0 2   0.000 0.0 3
torsion      84   24   48   48      0.000 0.0 1   2.100 180.0 2   0.000 0.0 3
torsion       0   24   59    0      0.000 0.0 1   7.250 180.0 2   0.000 0.0 3
torsion       0   24   59   49      0.000 0.0 1   7.250 180.0 2   0.000 0.0 3
torsion      45   24   59    0      0.000 0.0 1   7.250 180.0 2   0.000 0.0 3
torsion       0   24   60    0      0.000 0.0 1   7.250 180.0 2   0.000 0.0 3
torsion       0   24   79   23      0.000 0.0 1   0.000 180.0 2   0.000 0.0 3
torsion      13   24   79   48      2.074 0.0 1  -2.966 180.0 2   2.473 0.0 3
torsion      45   24   79   48      1.671 0.0 1  -4.901 180.0 2   0.669 0.0 3
torsion      13   24   82   61      0.000 0.0 1   2.100 180.0 2   0.000 0.0 3
torsion      45   24   82   16      0.000 0.0 1   2.100 180.0 2   0.000 0.0 3
torsion      45   24   82   20      0.000 0.0 1   2.100 180.0 2   0.000 0.0 3
torsion      45   24   82   61      0.000 0.0 1   2.100 180.0 2   0.000 0.0 3
torsion      48   24   82   16      0.000 0.0 1   2.100 180.0 2   0.000 0.0 3
torsion      48   24   82   20      0.000 0.0 1   2.100 180.0 2   0.000 0.0 3
torsion      48   24   82   61      0.000 0.0 1   2.100 180.0 2   0.000 0.0 3
torsion       0   24   84    0      0.000 0.0 1   2.170 180.0 2   0.000 0.0 3
torsion       3   24   84   84      0.000 0.0 1   3.000 180.0 2   0.000 0.0 3
torsion      45   24   84   16      0.000 0.0 1   2.100 180.0 2   0.000 0.0 3
torsion      45   24   84   20      0.000 0.0 1   2.100 180.0 2   0.000 0.0 3
torsion      48   24   84   16      0.000 0.0 1   2.100 180.0 2   0.000 0.0 3
torsion      48   24   84   20      0.000 0.0 1   2.100 180.0 2   0.000 0.0 3
torsion       3   24   86   48      0.000 0.0 1   2.170 180.0 2   0.000 0.0 3
torsion       3   24   86   56      0.000 0.0 1   2.170 180.0 2   0.000 0.0 3
torsion       3   24   86   86      0.000 0.0 1   7.250 180.0 2   0.000 0.0 3
torsion      47   24   86   48      0.000 0.0 1   2.170 180.0 2   0.000 0.0 3
torsion      47   24   86   56      0.000 0.0 1   2.170 180.0 2   0.000 0.0 3
torsion       0   24   87    0      0.000 0.0 1   2.170 180.0 2   0.000 0.0 3
torsion       0   24   88    0      0.000 0.0 1   2.170 180.0 2   0.000 0.0 3
torsion       3   24   91   46      0.000 0.0 1   0.000 180.0 2   0.000 0.0 3
torsion       3   24   91   89     -1.396 0.0 1  -0.427 180.0 2   0.000 0.0 3
torsion       3   24   91   91     -1.396 0.0 1  -0.427 180.0 2   0.000 0.0 3
torsion      45   24   91   46      0.000 0.0 1   0.000 180.0 2   0.000 0.0 3
torsion      45   24   91   89      0.000 0.0 1   0.000 180.0 2   0.000 0.0 3
torsion      45   24   91   91      0.000 0.0 1   0.000 180.0 2   0.000 0.0 3
torsion       0   24  106    0      0.000 0.0 1   0.000 180.0 2   0.000 0.0 3
torsion      13   44   44   13      0.000 0.0 1   0.000 180.0 2   0.300 0.0 3
torsion      13   44   44   45      0.000 0.0 1   0.000 180.0 2   0.300 0.0 3
torsion      45   44   44   45      0.000 0.0 1   0.000 180.0 2   0.300 0.0 3
torsion      13   44   48   48     -7.582 0.0 1   3.431 180.0 2   3.198 0.0 3
torsion      45   44   48   48      0.000 0.0 1   2.030 180.0 2   0.000 0.0 3
torsion      59   44   48   48      0.000 0.0 1   2.100 180.0 2   0.000 0.0 3
torsion      82   44   48   48      0.000 0.0 1   2.100 180.0 2   0.000 0.0 3
torsion      84   44   48   48      0.000 0.0 1   2.100 180.0 2   0.000 0.0 3
torsion      45   44   82   16      0.000 0.0 1   2.100 180.0 2   0.000 0.0 3
torsion      45   44   82   61      0.000 0.0 1   2.100 180.0 2   0.000 0.0 3
torsion      48   44   82   16      0.000 0.0 1   2.100 180.0 2   0.000 0.0 3
torsion      48   44   82   61      0.000 0.0 1   2.100 180.0 2   0.000 0.0 3
torsion      47   46   47   13      0.000 0.0 1  -8.000 180.0 2   0.000 0.0 3
torsion      47   46   47   46      0.000 0.0 1  -8.000 180.0 2   0.000 0.0 3
torsion       0   47   47    0      0.000 0.0 1  14.000 180.0 2   0.000 0.0 3
torsion       0   47   47   19      0.000 0.0 1  14.000 180.0 2   0.000 0.0 3
torsion       3   47   47   24      0.000 0.0 1  14.000 180.0 2   0.000 0.0 3
torsion       3   47   47   46      0.000 0.0 1  14.000 180.0 2   0.000 0.0 3
torsion       5   47   47   13      0.000 0.0 1  14.000 180.0 2   0.000 0.0 3
torsion       5   47   47   46      0.000 0.0 1  14.000 180.0 2   0.000 0.0 3
torsion      13   47   47   13      0.000 0.0 1  14.000 180.0 2   0.000 0.0 3
torsion      13   47   47   19      0.000 0.0 1  14.000 180.0 2   0.000 0.0 3
torsion      13   47   47   20      0.000 0.0 1  14.000 180.0 2   0.000 0.0 3
torsion      13   47   47   46      0.000 0.0 1  14.000 180.0 2   0.000 0.0 3
torsion      19   47   47   46      0.000 0.0 1  14.000 180.0 2   0.000 0.0 3
torsion      20   47   47   46      0.000 0.0 1  14.000 180.0 2   0.000 0.0 3
torsion      21   47   47   21     -1.600 0.0 1  14.000 180.0 2   0.000 0.0 3
torsion      21   47   47   46      0.000 0.0 1  14.000 180.0 2   0.000 0.0 3
torsion      46   47   47   46      0.000 0.0 1  14.000 180.0 2   0.000 0.0 3
torsion      46   47   47   48      0.000 0.0 1  14.000 180.0 2   0.000 0.0 3
torsion      13   47   48   48      0.205 0.0 1  -0.531 180.0 2   0.000 0.0 3
torsion      46   47   48   48      0.000 0.0 1   0.000 180.0 2  -0.372 0.0 3
torsion      46   47   48   56      0.000 0.0 1   0.000 180.0 2  -0.372 0.0 3
torsion      47   47   48   48      1.241 0.0 1   3.353 180.0 2  -0.286 0.0 3
torsion      13   47   50   13      0.000 0.0 1  14.000 180.0 2   0.000 0.0 3
torsion      13   47   50   46      0.000 0.0 1  14.000 180.0 2   0.000 0.0 3
torsion      13   47   50   48      0.000 0.0 1  14.000 180.0 2   0.000 0.0 3
torsion      13   47   50   50      0.000 0.0 1  14.000 180.0 2   0.000 0.0 3
torsion      13   47   50  109      0.000 0.0 1  14.000 180.0 2   0.000 0.0 3
torsion      24   47   50    3      0.000 0.0 1  14.000 180.0 2   0.000 0.0 3
torsion      46   47   50   13      0.000 0.0 1  14.000 180.0 2   0.000 0.0 3
torsion      46   47   50   46      0.000 0.0 1  14.000 180.0 2   0.000 0.0 3
torsion      46   47   50   48      0.000 0.0 1  14.000 180.0 2   0.000 0.0 3
torsion      46   47   50   50      0.000 0.0 1  14.000 180.0 2   0.000 0.0 3
torsion      46   47   50  109      0.000 0.0 1  14.000 180.0 2   0.000 0.0 3
torsion       0   47   84    0      0.000 0.0 1   2.170 180.0 2   0.000 0.0 3
torsion       0   47   86   48      0.000 0.0 1   2.170 180.0 2   0.000 0.0 3
torsion       3   47   86   86      0.000 0.0 1   7.250 180.0 2   0.000 0.0 3
torsion      49   47   86    0      0.000 0.0 1   7.250 180.0 2   0.000 0.0 3
torsion      49   47   86   24      0.000 0.0 1   7.250 180.0 2   0.000 0.0 3
torsion       0   47   87    0      0.000 0.0 1   2.170 180.0 2   0.000 0.0 3
torsion       0   47   88    0      0.000 0.0 1   2.170 180.0 2   0.000 0.0 3
torsion      13   47  110   47      0.000 0.0 1   0.000 180.0 2   0.000 0.0 3
torsion      46   47  110   47      0.000 0.0 1   0.000 180.0 2   0.000 0.0 3
torsion       0   48   48    0      0.000 0.0 1   7.250 180.0 2   0.000 0.0 3
torsion       0   48   48   13      0.000 0.0 1   7.250 180.0 2   0.000 0.0 3
torsion       0   48   48   48      0.000 0.0 1   7.250 180.0 2   0.000 0.0 3
torsion       0   48   48   49      0.000 0.0 1   7.250 180.0 2   0.000 0.0 3
torsion       1   48   48   48      0.000 0.0 1   7.250 180.0 2   0.000 0.0 3
torsion       1   48   48   49      0.000 0.0 1   7.250 180.0 2   0.000 0.0 3
torsion      13   48   48   13      0.000 0.0 1   7.250 180.0 2   0.000 0.0 3
torsion      13   48   48   48      0.000 0.0 1   7.250 180.0 2   0.000 0.0 3
torsion      13   48   48   49      0.000 0.0 1   7.250 180.0 2   0.000 0.0 3
torsion      13   48   48   50      0.000 0.0 1   7.250 180.0 2   0.000 0.0 3
torsion      21   48   48   48      0.000 0.0 1   7.250 180.0 2   0.000 0.0 3
torsion      21   48   48   49      0.000 0.0 1   7.250 180.0 2   0.000 0.0 3
torsion      44   48   48   49      0.000 0.0 1   7.250 180.0 2   0.000 0.0 3
torsion      47   48   48   49      0.000 0.0 1   7.250 180.0 2   0.000 0.0 3
torsion      48   48   48   48      0.000 0.0 1   7.250 180.0 2   0.000 0.0 3
torsion      48   48   48   49      0.000 0.0 1   7.250 180.0 2   0.000 0.0 3
torsion      48   48   48   50      0.000 0.0 1   7.250 180.0 2   0.000 0.0 3
torsion      48   48   48   55   0.0 0. 1  1.62 180. 2  0.0 0. 3  -0.44 180. 4
torsion      48   48   48   60      0.000 0.0 1   7.250 180.0 2   0.000 0.0 3
torsion      48   48   48   65      0.000 0.0 1   7.250 180.0 2   0.000 0.0 3
torsion      48   48   48   66      0.000 0.0 1   7.250 180.0 2   0.000 0.0 3
torsion      48   48   48   86      0.000 0.0 1   7.250 180.0 2   0.000 0.0 3
torsion      48   48   48  109      0.000 0.0 1   7.250 180.0 2   0.000 0.0 3
torsion      49   48   48   49      0.000 0.0 1   7.250 180.0 2   0.000 0.0 3
torsion      49   48   48   50      0.000 0.0 1   7.250 180.0 2   0.000 0.0 3
torsion      49   48   48   60      0.000 0.0 1   7.250 180.0 2   0.000 0.0 3
torsion      49   48   48   65      0.000 0.0 1   7.250 180.0 2   0.000 0.0 3
torsion      49   48   48   66      0.000 0.0 1   7.250 180.0 2   0.000 0.0 3
torsion      49   48   48   86      0.000 0.0 1   7.250 180.0 2   0.000 0.0 3
torsion      49   48   48  109      0.000 0.0 1   7.250 180.0 2   0.000 0.0 3
torsion      56   48   48   86      0.000 0.0 1   7.250 180.0 2   0.000 0.0 3
torsion      48   48   50   46      0.000 0.0 1   0.000 180.0 2  -0.372 0.0 3
torsion      48   48   50   47      1.241 0.0 1   3.353 180.0 2  -0.286 0.0 3
torsion      56   48   50   46      0.000 0.0 1   0.000 180.0 2  -0.372 0.0 3
torsion      56   48   50   47      1.241 0.0 1   3.353 180.0 2  -0.286 0.0 3
torsion      48   48   53   13      0.000 0.0 1   0.000 180.0 2   0.000 0.0 3
torsion      48   48   53   54      0.000 0.0 1   0.000 180.0 2   0.000 0.0 3
torsion       0   48   55   45      0.000 0.0 1   2.030 180.0 2   0.000 0.0 3
torsion      48   48   55   45      0.000 0.0 1   3.900 180.0 2   0.000 0.0 3
torsion      55   48   55   13      0.000 0.0 1   7.936 180.0 2   0.000 0.0 3
torsion      55   48   55   45      0.000 0.0 1   3.900 180.0 2   0.000 0.0 3
torsion      60   48   55   45      0.000 0.0 1   2.030 180.0 2   0.000 0.0 3
torsion       0   48   56    0      0.000 0.0 1   7.250 180.0 2   0.000 0.0 3
torsion      48   48   56   48      0.000 0.0 1   7.250 180.0 2   0.000 0.0 3
torsion      49   48   56   48      0.000 0.0 1   7.250 180.0 2   0.000 0.0 3
torsion       0   48   60    0      0.000 0.0 1   7.000 180.0 2   0.000 0.0 3
torsion       0   48   79   23      0.000 0.0 1   0.000 180.0 2   0.000 0.0 3
torsion      48   48   79   13      0.000 0.0 1  -0.900 180.0 2   0.000 0.0 3
torsion      48   48   79   24      1.656 0.0 1  -0.768 180.0 2  -0.117 0.0 3
torsion      48   48   86   48      0.000 0.0 1   7.250 180.0 2   0.000 0.0 3
torsion      48   48   86   56      0.000 0.0 1   7.250 180.0 2   0.000 0.0 3
torsion      48   48   86   86      0.000 0.0 1   7.250 180.0 2   0.000 0.0 3
torsion      49   48   86   48      0.000 0.0 1   7.250 180.0 2   0.000 0.0 3
torsion      49   48   86   56      0.000 0.0 1   7.250 180.0 2   0.000 0.0 3
torsion      49   48   86   86      0.000 0.0 1   7.250 180.0 2   0.000 0.0 3
torsion      56   48   86   48      0.000 0.0 1   7.250 180.0 2   0.000 0.0 3
torsion      56   48   86   86      0.000 0.0 1   7.250 180.0 2   0.000 0.0 3
torsion      49   48   88   49      0.000 0.0 1   7.250 180.0 2   0.000 0.0 3
torsion      56   48  101   13      0.000 0.0 1   3.651 180.0 2   0.000 0.0 3
torsion      48   48  102  103      0.000 0.0 1   1.150 180.0 2   0.000 0.0 3
torsion      48   48  109   13      0.205 0.0 1  -0.531 180.0 2   0.000 0.0 3
torsion      48   48  109   46      0.000 0.0 1   0.000 180.0 2  -0.372 0.0 3
torsion      48   48  109  109      1.241 0.0 1   3.353 180.0 2  -0.286 0.0 3
torsion       0   50   50   49      0.000 0.0 1   7.250 180.0 2   0.000 0.0 3
torsion       3   50   50    3      0.000 0.0 1   7.250 180.0 2   0.000 0.0 3
torsion      13   50   50   13      0.000 0.0 1   0.000 180.0 2   0.300 0.0 3
torsion      13   50   50   46      0.000 0.0 1   0.000 180.0 2   0.300 0.0 3
torsion      13   50   50   47      0.000 0.0 1   0.000 180.0 2  -0.372 0.0 3
torsion      46   50   50   46      0.000 0.0 1   0.000 180.0 2   0.300 0.0 3
torsion      46   50   50   47      0.000 0.0 1   0.000 180.0 2  -0.372 0.0 3
torsion      47   50   50   47      1.423 0.0 1   4.055 180.0 2   0.858 0.0 3
torsion      13   50  109   13      0.000 0.0 1   0.000 180.0 2   0.300 0.0 3
torsion      13   50  109  109      0.000 0.0 1   0.000 180.0 2  -0.372 0.0 3
torsion      46   50  109   13      0.000 0.0 1   0.000 180.0 2   0.300 0.0 3
torsion      46   50  109   46      0.000 0.0 1   0.000 180.0 2   0.300 0.0 3
torsion      46   50  109  109      0.000 0.0 1   0.000 180.0 2  -0.372 0.0 3
torsion      47   50  109   13      0.000 0.0 1   0.000 180.0 2  -0.372 0.0 3
torsion      47   50  109   46      0.000 0.0 1   0.000 180.0 2  -0.372 0.0 3
torsion      47   50  109  109      1.423 0.0 1   4.055 180.0 2   0.858 0.0 3
torsion      13   53   82   61      0.000 0.0 1   2.100 180.0 2   0.000 0.0 3
torsion      48   53   82   61      0.000 0.0 1   2.100 180.0 2   0.000 0.0 3
torsion      45   55   59    0      0.000 0.0 1   2.030 180.0 2   0.000 0.0 3
torsion      13   56   56   13      0.000 0.0 1   7.250 180.0 2   0.000 0.0 3
torsion      13   56   56   48      0.000 0.0 1   7.250 180.0 2   0.000 0.0 3
torsion      48   56   56   48      0.000 0.0 1   7.250 180.0 2   0.000 0.0 3
torsion       0   56   59    0      0.000 0.0 1   7.250 180.0 2   0.000 0.0 3
torsion       0   56   59   49      0.000 0.0 1   7.250 180.0 2   0.000 0.0 3
torsion       0   56   60    0      0.000 0.0 1   7.250 180.0 2   0.000 0.0 3
torsion       0   56   62    0      0.000 0.0 1  10.000 180.0 2   0.000 0.0 3
torsion       0   56   82    0      0.000 0.0 1   7.250 180.0 2   0.000 0.0 3
torsion      48   56   86   48      0.000 0.0 1   7.250 180.0 2   0.000 0.0 3
torsion      48   56   86   86      0.000 0.0 1   7.250 180.0 2   0.000 0.0 3
torsion       0   57   60    0      0.000 0.0 1   7.250 180.0 2   0.000 0.0 3
torsion      45   57   60    0      0.000 0.0 1   5.000 180.0 2   0.000 0.0 3
torsion       0   57   61    0      0.000 0.0 1  10.000 180.0 2   0.000 0.0 3
torsion       0   57   62    0      0.000 0.0 1  10.000 180.0 2   0.000 0.0 3
torsion       0   57   81    0      0.000 0.0 1   3.050 180.0 2   0.000 0.0 3
torsion       0   57   82    0      0.000 0.0 1   4.650 180.0 2   0.000 0.0 3
torsion       0   57   82   49      0.000 0.0 1  10.000 180.0 2   0.000 0.0 3
torsion      45   57   82    0      0.000 0.0 1   5.000 180.0 2   0.000 0.0 3
torsion       0   57   84    0      0.000 0.0 1   2.800 180.0 2   0.000 0.0 3
torsion      45   57   84    0      0.000 0.0 1   5.000 180.0 2   0.000 0.0 3
torsion      61   57   86   48      0.000 0.0 1   2.170 180.0 2   0.000 0.0 3
torsion      84   57   86   48      0.000 0.0 1   2.170 180.0 2   0.000 0.0 3
torsion       0   60   60    0      0.000 0.0 1   7.250 180.0 2   0.000 0.0 3
torsion       0   60   61    0      0.000 0.0 1   7.250 180.0 2   0.000 0.0 3
torsion       0   60   80    0      0.000 0.0 1   3.350 180.0 2   0.000 0.0 3
torsion       0   60   81    0      0.000 0.0 1   6.000 180.0 2   0.000 0.0 3
torsion       0   60   87    0      0.000 0.0 1   7.250 180.0 2   0.000 0.0 3
torsion      48   60   87   84      0.000 0.0 1   7.250 180.0 2   0.000 0.0 3
torsion      60   60   87   84      0.000 0.0 1   7.250 180.0 2   0.000 0.0 3
torsion       0   61   61    0      0.000 0.0 1  10.000 180.0 2   0.000 0.0 3
torsion       0   61   62    0      0.000 0.0 1  10.000 180.0 2   0.000 0.0 3
torsion       0   61   82    0      0.000 0.0 1   7.250 180.0 2   0.000 0.0 3
torsion       0   61   82   49      0.000 0.0 1  10.000 180.0 2   0.000 0.0 3
torsion      83   61   82   16      0.000 0.0 1   7.250 180.0 2   0.000 0.0 3
torsion      88   61   82   16      0.000 0.0 1   7.250 180.0 2   0.000 0.0 3
torsion      88   61   82   20      0.000 0.0 1   7.250 180.0 2   0.000 0.0 3
torsion       0   61   83    0      0.000 0.0 1   4.800 180.0 2   0.000 0.0 3
torsion      82   61   83   49      0.000 0.0 1   7.250 180.0 2   0.000 0.0 3
torsion      82   61   83   84      0.000 0.0 1   7.250 180.0 2   0.000 0.0 3
torsion       0   61   84    0      0.000 0.0 1  10.000 180.0 2   0.000 0.0 3
torsion       0   61   88    0      0.000 0.0 1   7.250 180.0 2   0.000 0.0 3
torsion      82   61   88   84      0.000 0.0 1   7.250 180.0 2   0.000 0.0 3
torsion       0   80   84    0      0.000 0.0 1  13.050 180.0 2   0.000 0.0 3
torsion       0   82   84    0      0.000 0.0 1   2.170 180.0 2   0.000 0.0 3
torsion      16   82   86   48      0.000 0.0 1   2.170 180.0 2   0.000 0.0 3
torsion      20   82   86   48      0.000 0.0 1   2.170 180.0 2   0.000 0.0 3
torsion      57   82   86   48      0.000 0.0 1   2.170 180.0 2   0.000 0.0 3
torsion      61   82   86   48      0.000 0.0 1   2.170 180.0 2   0.000 0.0 3
torsion       0   82   87    0      0.000 0.0 1   7.250 180.0 2   0.000 0.0 3
torsion       0   83   84    0      0.000 0.0 1  10.750 180.0 2   0.000 0.0 3
torsion       0   83   84   49      0.000 0.0 1  10.750 180.0 2   0.000 0.0 3
torsion      49   83   84    0      0.000 0.0 1  10.750 180.0 2   0.000 0.0 3
torsion      49   83   84   16      0.000 0.0 1  10.750 180.0 2   0.000 0.0 3
torsion      49   83   84   49      0.000 0.0 1  10.750 180.0 2   0.000 0.0 3
torsion      61   83   84   16      0.000 0.0 1   7.250 180.0 2   0.000 0.0 3
torsion      61   83   84   20      0.000 0.0 1   7.250 180.0 2   0.000 0.0 3
torsion      61   83   84   49      0.000 0.0 1   7.250 180.0 2   0.000 0.0 3
torsion       0   83   86   48      0.000 0.0 1   2.170 180.0 2   0.000 0.0 3
torsion      61   83   86   48      0.000 0.0 1   2.170 180.0 2   0.000 0.0 3
torsion      61   83   87    0      0.000 0.0 1   2.170 180.0 2   0.000 0.0 3
torsion      84   83   87    0      0.000 0.0 1   2.170 180.0 2   0.000 0.0 3
torsion       0   84   84    0      0.000 0.0 1  10.750 180.0 2   0.000 0.0 3
torsion       0   84   84   49      0.000 0.0 1  10.750 180.0 2   0.000 0.0 3
torsion      16   84   84   49      0.000 0.0 1  10.750 180.0 2   0.000 0.0 3
torsion      49   84   84   49      0.000 0.0 1  10.750 180.0 2   0.000 0.0 3
torsion       0   84   86   48      0.000 0.0 1   2.170 180.0 2   0.000 0.0 3
torsion      16   84   86   48      0.000 0.0 1   2.170 180.0 2   0.000 0.0 3
torsion      20   84   86   48      0.000 0.0 1   2.170 180.0 2   0.000 0.0 3
torsion      57   84   86   48      0.000 0.0 1   2.170 180.0 2   0.000 0.0 3
torsion       0   84   87    0      0.000 0.0 1   7.250 180.0 2   0.000 0.0 3
torsion       0   84   87   49      0.000 0.0 1   7.250 180.0 2   0.000 0.0 3
torsion      49   84   87   49      0.000 0.0 1   7.250 180.0 2   0.000 0.0 3
torsion       0   84   88   49      0.000 0.0 1   7.250 180.0 2   0.000 0.0 3
torsion      16   84   88   49      0.000 0.0 1  10.750 180.0 2   0.000 0.0 3
torsion      16   84   88   61      0.000 0.0 1   7.250 180.0 2   0.000 0.0 3
torsion      20   84   88   61      0.000 0.0 1   7.250 180.0 2   0.000 0.0 3
torsion      49   84   88    0      0.000 0.0 1   7.250 180.0 2   0.000 0.0 3
torsion      49   84   88   61      0.000 0.0 1   7.250 180.0 2   0.000 0.0 3
torsion      48   86   86   48      0.000 0.0 1   2.170 180.0 2   0.000 0.0 3
torsion      48   86   86   56      0.000 0.0 1   2.170 180.0 2   0.000 0.0 3
torsion      48   86   87    0      0.000 0.0 1   2.170 180.0 2   0.000 0.0 3
torsion      48   86   88    0      0.000 0.0 1   2.170 180.0 2   0.000 0.0 3
torsion      48   86   88   61      0.000 0.0 1   2.170 180.0 2   0.000 0.0 3
torsion      56   86   88    0      0.000 0.0 1   2.170 180.0 2   0.000 0.0 3
torsion       0   87   87   20      0.000 0.0 1   2.170 180.0 2   0.000 0.0 3
torsion       0   87   87   57      0.000 0.0 1   2.170 180.0 2   0.000 0.0 3
torsion       0   87   87   87      0.000 0.0 1   2.170 180.0 2   0.000 0.0 3
torsion      49   87   87   49      0.000 0.0 1   7.250 180.0 2   0.000 0.0 3
torsion       4   89   90   13      0.000 0.0 1   6.089 180.0 2   0.000 0.0 3
torsion       4   89   90   45      0.000 0.0 1   4.900 180.0 2   0.000 0.0 3
torsion       4   89   90   48      0.000 0.0 1   6.089 180.0 2   0.000 0.0 3
torsion       4   89   90   91      0.000 0.0 1  20.000 180.0 2   0.000 0.0 3
torsion      91   89   90   13      2.300 0.0 1   6.089 180.0 2   0.000 0.0 3
torsion      91   89   90   45      0.000 0.0 1   4.900 180.0 2   0.000 0.0 3
torsion      91   89   90   48      2.300 0.0 1   6.089 180.0 2   0.000 0.0 3
torsion      91   89   90   91      2.300 0.0 1   6.089 180.0 2   0.000 0.0 3
torsion       0   89   91    0      0.000 0.0 1   0.000 180.0 2   0.000 0.0 3
torsion       4   89   91   46      0.000 0.0 1   0.000 180.0 2   0.000 0.0 3
torsion       4   89   91   91      0.000 0.0 1   0.000 180.0 2   0.000 0.0 3
torsion      90   89   91   46      0.000 0.0 1   0.000 180.0 2   0.000 0.0 3
torsion      90   89   91   91      0.000 0.0 1   0.000 180.0 2   0.000 0.0 3
torsion       0   90   91    0      0.000 0.0 1   0.000 180.0 2   0.000 0.0 3
torsion       0   90   91   46      0.000 0.0 1   0.000 180.0 2   0.000 0.0 3
torsion       0   90   91   91      0.000 0.0 1   0.000 180.0 2   0.000 0.0 3
torsion       0   91   91    0      0.000 0.0 1   0.000 180.0 2   0.000 0.0 3
torsion       0   91   91   24      0.000 0.0 1   0.000 180.0 2   0.000 0.0 3
torsion      13   91   91   13      0.000 0.0 1   0.000 180.0 2   0.000 0.0 3
torsion      13   91   91   46      0.000 0.0 1   0.000 180.0 2   0.000 0.0 3
torsion      46   91   91   46      0.000 0.0 1   0.000 180.0 2   0.000 0.0 3
torsion      46   91   91   91      0.000 0.0 1   0.000 180.0 2   0.000 0.0 3
torsion      91   91   91   91      0.000 0.0 1   0.000 180.0 2   0.000 0.0 3
torsion       0  109  109    0      0.000 0.0 1  14.000 180.0 2   0.000 0.0 3
torsion      13  109  109   13      0.000 0.0 1  14.000 180.0 2   0.000 0.0 3
torsion      13  109  109   46      0.000 0.0 1  14.000 180.0 2   0.000 0.0 3
torsion      13  109  109   48      0.000 0.0 1  14.000 180.0 2   0.000 0.0 3
torsion      13  109  109   50      0.000 0.0 1  14.000 180.0 2   0.000 0.0 3
torsion      13  109  109  109      0.000 0.0 1  14.000 180.0 2   0.000 0.0 3
torsion      46  109  109   46      0.000 0.0 1  14.000 180.0 2   0.000 0.0 3
torsion      46  109  109   48      0.000 0.0 1  14.000 180.0 2   0.000 0.0 3
torsion      46  109  109   50      0.000 0.0 1  14.000 180.0 2   0.000 0.0 3
torsion      46  109  109  109      0.000 0.0 1  14.000 180.0 2   0.000 0.0 3
torsion      48  109  109   48      0.000 0.0 1  14.000 180.0 2   0.000 0.0 3
torsion      48  109  109   50      0.000 0.0 1  14.000 180.0 2   0.000 0.0 3
torsion      48  109  109  109      0.000 0.0 1  14.000 180.0 2   0.000 0.0 3
torsion      50  109  109   50      0.000 0.0 1  14.000 180.0 2   0.000 0.0 3
torsion      50  109  109  109      0.000 0.0 1  14.000 180.0 2   0.000 0.0 3
torsion     109  109  109  109      1.423 0.0 1   4.055 180.0 2   0.858 0.0 3
torsion      13   13   13   47      1.300 0.0 1  -0.050 180.0 2   0.200 0.0 3
torsion      13   13   13   20      1.300 0.0 1  -0.050 180.0 2   0.200 0.0 3
