1.5e24
-1
 
1.3e24 
-1 -1

2.0e25
1 -1
  
1.9e23 
1 -1

7.8e24 
1
1
3.0e24
-2 -2 -2
-2 -2 -2
1.3e23  
-1 2
2
1.4e23
-2
1 -2
1.5e23
-1 -2
1 -2
8.5e24
2
2 1
1.9e22
1 -2
-2
8.5e23
-1 -2
-2
4.3e15
1 1

2.4e16
1 1

3.8e17
1
1
1.4e19

1
4.1e20
1

3.0e16
-2
-2
2.9e18
-2 -2
-2 -2
2.3e19
-2 2
-2 2
5.6e17
-2
-2 1
4.2e19
-2
-2 -1
1.4e16
1 2
2
4.6e20
2
2 1
4.3e20
-1 2
2
2e17
1 2
2
1.9e19
1 1
-2 -2
2.2e12
1 1 1

5.9e12
2 2 2 2
2 2 2 2
5.0e13
2 2
2 2
4.5e11
2 -2
2 -2
8.7e11
2 
2
1.0e13
-2
-2
7.7e14
1
-2 -2
8.7e13
2
2 -1
9.0e13

2 2 -1
1.1e11
2
2 1
1.8e11
2
-1 2
3.2e12
2
2 -1
4.4e5

1 1
7.3e-1
1 1 1 1

6.0e1

-1
3.0e2

-1
8.1e-9

-2 -2
2.2e4
2
2
5.0e1

-2
1.0e1

2
8.8e9

2 2
6.0e1
2
2 -1
1.6e-5

-2 -2 -1
5.9e3
2
2 1
1e0


